Amp1d = [8,1000]; 
Amp1n = [28,5000]; 
Amp2d = [8,1000]; 
Amp2n = [28,5000];
AmpSat1 = 480;
AmpSat2 = 480;
Ampd = [8 1000];
Ampn = [28 5];
B0 = 70;
B1 = 0.0021;
BackEMF = 0.382;
BackEMF1 = 0.382000000000000;
BackEMF2 = 0.382000000000000;
BeltTime = [0 10];
BeltX = [0 -8];
Big = 1000000;
C1 = 5.000000000000000e-06;
C2 = 2.000000000000000e-06;
DegPerRad = 57.295779513082320;
Elec1d = [0.001200000000000,0.075000000000000];
Elec1n = 1;
Elec2d = [0.001200000000000,0.075000000000000];
Elec2n = 1;
FB0 = 1;
FB1 = 1;
FB2 = 1;
FtPerM = 3.280000000000000;
G = 9.810000000000000;
GB1= 0.002000000000000;
GB2= 6.500000000000001e-04;
Gear1= 0.020000000000000;
Gear2 = 0.20000000000000;
GJ1= 0.098000000000000;
GJ2= 0.003300000000000;
GM1= 17;
GM2 = 7;
GR1 = 50;
GR2 = 5;
Grav = 12.709800000000000;
ID0 = 0.250000000000000;
InitQ0= 1.759; 
InitQ1= -112.05; 
InitQ2= 7.245;
J1 = 0.1947;
J2 = 0.0193;
JntMax0= 4.500000000000000; 
JntMax1= 1.570796326794897; 
JntMax2= 2.513274122871835; 
JntMin0= -0.500000000000000;
JntMin1= -3.141592653589793;
JntMin2= -2.513274122871835;
L1 = 2.5;
L2 = 0.75;
M0 = 95.78;
M1 = 7.8e-4;
MB = 6.5e-5;
ME = 0.382;
Mech0d = [95.78 70];
Mech0n = 3.4361;
Mech1d = [0.1947 0.0021];
Mech1n = 1;
Mech2d = [0.0193 7.15e-4];
Mech2n = 1;
MJ = 0.016;
ML = 0.0012;
MM = 25;
MR = 0.075;
MT = 5;
PaintTime = 9;
PID0 = [1 0 0 1000000];
PID1 = [1 0 0 1000000];
PID2 = [1 0 0 1000000];
PK0 = 4136856;
PM0 = 1034214;
PT0 = 0.01;
Pump0d = [1 100];
Pump0n = 413685600;
Pump0sat = 1034214;
QL0 = -0.5;
QL1 = -3.1416;
QL2 = -2.5133;
QU0 = 4.5;
QU1 = 1.5708;
QU2 = 2.5133;
R1 = 1000;
R2 = 4000;
RadPerDeg = 0.0175;
ResetTime = 1;
SampleTime = 0.02;
StartX = 2;
TConst1 = 5;
TConst2 = 5;
TotalTime = 10;
VSS = 480;
XSecArea = 0.0491;
d0 = 1000;
d1 = 8;
n0 = 5000;
n1 = 28;